(: 765 1323 1339 1819 1993 3776 
1: 1 38 1311 1325 1425 1479 1749 1783 2244 2480 2546 
4: 2062 
5: 1352 2738 4203 
8: 743 
a: 15 31 35 48 59 63 65 72 85 89 111 115 119 121 130 140 145 148 162 171 183 187 188 190 192 197 200 205 207 208 222 229 243 248 267 286 291 296 305 308 311 352 363 365 381 387 395 397 415 424 428 446 482 484 500 514 537 546 566 571 573 577 583 588 590 592 608 610 615 621 622 629 643 645 653 665 667 741 742 745 747 767 771 783 787 794 804 852 888 892 896 906 913 923 924 939 944 951 963 989 994 996 999 1000 1006 1007 1012 1022 1026 1028 1038 1052 1056 1075 1083 1095 1099 1101 1105 1114 1142 1153 1169 1170 1171 1191 1237 1252 1259 1269 1276 1277 1296 1303 1306 1310 1324 1345 1351 1363 1373 1378 1385 1397 1406 1412 1423 1440 1441 1453 1458 1477 1482 1490 1493 1497 1501 1509 1540 1541 1556 1568 1577 1590 1601 1621 1629 1638 1643 1646 1651 1666 1682 1697 1700 1701 1708 1714 1717 1730 1735 1743 1759 1760 1763 1764 1767 1768 1785 1821 1840 1847 1856 1859 1861 1866 1873 1900 1903 1916 1927 1947 1950 1970 1976 1977 1985 1991 1999 2001 2016 2019 2034 2051 2053 2073 2109 2123 2130 2161 2168 2175 2177 2210 2219 2222 2249 2257 2270 2291 2295 2297 2299 2306 2308 2312 2326 2338 2350 2356 2359 2369 2372 2375 2376 2383 2385 2398 2430 2437 2453 2454 2458 2482 2504 2515 2543 2544 2557 2632 2653 2660 2663 2673 2678 2680 2716 2744 2759 2773 2774 2797 2799 2805 2819 2831 2855 2858 2894 2895 2898 2901 2906 2911 2913 2926 2937 2948 2973 2975 2982 2994 2997 2999 3004 3009 3012 3019 3022 3030 3031 3044 3045 3057 3059 3081 3088 3091 3108 3111 3120 3127 3131 3154 3155 3164 3171 3174 3176 3179 3182 3189 3196 3202 3206 3207 3226 3233 3236 3247 3258 3265 3266 3282 3283 3313 3322 3344 3353 3367 3385 3386 3399 3404 3405 3416 3424 3430 3435 3437 3451 3454 3456 3457 3458 3463 3466 3470 3474 3476 3478 3479 3500 3504 3510 3516 3527 3543 3545 3552 3554 3559 3569 3581 3586 3588 3590 3598 3600 3601 3603 3606 3610 3617 3623 3641 3654 3656 3659 3674 3685 3686 3689 3701 3716 3723 3729 3746 3755 3757 3780 3783 3802 3811 3814 3821 3835 3845 3850 3856 3862 3866 3874 3882 3888 3891 3892 3900 3911 3912 3914 3920 3923 3925 3928 3935 3937 3953 3967 3970 3973 4001 4002 4015 4031 4052 4054 4067 4090 4091 4095 4102 4134 4138 4171 4180 4186 4196 4208 4216 4217 4222 4231 4240 4247 4252 4290 4303 4316 4318 4330 4341 4350 4402 4424 4442 4445 4462 4468 4482 4492 
b: 92 104 110 149 210 216 226 251 274 278 301 319 332 358 379 404 437 518 528 530 531 551 563 568 580 646 650 675 687 693 738 752 801 813 848 891 898 905 922 943 958 1009 1044 1060 1100 1110 1113 1233 1279 1284 1344 1356 1405 1420 1446 1457 1484 1499 1505 1628 1631 1637 1660 1667 1669 1724 1742 1755 1769 1797 1818 1823 1831 1879 1898 1908 1918 1946 1969 2007 2018 2038 2057 2069 2082 2105 2117 2154 2169 2194 2281 2290 2309 2315 2325 2334 2337 2396 2403 2409 2433 2436 2457 2467 2497 2533 2564 2569 2584 2594 2650 2656 2664 2693 2731 2749 2761 2763 2767 2777 2778 2789 2833 2866 2925 2966 2981 3035 3056 3079 3137 3146 3168 3197 3211 3235 3240 3259 3261 3287 3299 3320 3339 3364 3400 3403 3434 3447 3452 3514 3571 3589 3620 3624 3652 3657 3679 3682 3695 3751 3759 3788 3789 3819 3848 3876 3939 4009 4038 4041 4051 4053 4059 4066 4072 4080 4087 4124 4130 4143 4153 4155 4165 4177 4262 4289 4343 4393 4443 
c: 10 32 41 42 68 70 79 144 161 179 246 293 347 348 351 382 399 417 498 519 522 579 634 664 670 696 701 802 807 851 855 908 912 914 919 938 966 982 1043 1059 1090 1108 1173 1195 1208 1221 1229 1241 1250 1294 1313 1318 1322 1336 1383 1393 1471 1472 1513 1523 1554 1579 1582 1592 1657 1671 1709 1836 1868 1872 1888 1938 1955 2059 2084 2088 2115 2121 2128 2233 2275 2292 2323 2377 2390 2417 2424 2469 2537 2572 2605 2634 2635 2668 2681 2705 2720 2769 2781 2811 2813 2821 2824 2859 2860 2863 2879 2892 2915 2959 2967 2970 2974 2987 3010 3064 3096 3098 3104 3156 3177 3187 3205 3296 3309 3316 3372 3391 3412 3421 3483 3485 3488 3572 3609 3627 3713 3744 3781 3790 3793 3805 3857 3859 3873 3897 3904 3910 3929 3930 3955 3979 3999 4055 4086 4097 4122 4131 4146 4161 4175 4182 4212 4229 4291 4304 4312 4334 4349 4364 4375 4385 4416 4436 4449 
d: 7 18 20 33 36 46 56 58 61 64 67 80 83 86 95 99 117 241 360 434 476 505 534 603 726 734 760 816 828 985 1004 1074 1193 1257 1260 1350 1502 1571 1586 1639 1689 1710 1886 1913 1921 1989 2063 2070 2110 2136 2456 2499 2554 2601 2631 2672 2674 2701 2708 2745 2873 2909 2934 3015 3016 3080 3090 3185 3192 3221 3228 3251 3294 3308 3332 3402 3438 3443 3517 3536 3539 3548 3711 3715 3721 3730 3756 3769 3829 3871 4008 4061 4105 4116 4202 4276 4426 4447 4477 
e: 0 37 40 51 53 62 77 94 134 160 175 199 204 211 265 270 304 306 341 494 757 861 1123 1215 1328 1435 1655 1705 1793 1796 1815 1816 1864 1901 1952 2094 2104 2120 2143 2166 2172 2260 2415 2448 2522 2534 2583 2585 2661 2666 2764 2807 2814 2822 2838 2851 2856 2877 2880 2935 2939 2942 2976 3099 3105 3109 3149 3191 3208 3217 3243 3263 3292 3315 3328 3373 3392 3413 3440 3472 3486 3522 3593 3647 3650 3662 3726 3736 3784 3787 3922 3982 4017 4057 4113 4142 4257 4269 4347 
f: 6 17 24 25 28 69 146 176 180 181 221 237 268 287 303 318 339 356 373 375 448 541 569 589 625 654 680 706 708 735 788 869 880 1036 1064 1082 1119 1146 1186 1196 1197 1213 1238 1240 1254 1256 1261 1329 1362 1372 1391 1411 1418 1489 1512 1532 1535 1574 1602 1603 1605 1635 1754 1761 1772 1780 1844 1854 1905 1926 1934 1966 2041 2056 2077 2090 2099 2103 2108 2118 2122 2135 2151 2179 2190 2196 2206 2223 2224 2228 2280 2293 2304 2328 2330 2347 2389 2455 2473 2494 2517 2531 2592 2629 2669 2698 2804 2815 2816 2853 2888 2900 2910 2947 2972 3000 3058 3062 3073 3112 3114 3124 3138 3157 3175 3213 3325 3345 3346 3411 3417 3426 3471 3480 3490 3508 3612 3666 3670 3671 3718 3740 3748 3795 3820 3833 3913 4019 4046 4076 4119 4164 4179 4228 4331 4354 4395 4439 
g: 66 112 124 178 189 209 231 292 307 342 359 378 393 413 416 418 420 447 457 483 536 542 552 612 678 761 781 820 893 910 961 1003 1057 1069 1192 1309 1364 1367 1431 1476 1593 1613 1615 1688 1808 1832 1839 1967 2040 2145 2271 2277 2279 2300 2307 2404 2419 2422 2508 2558 2725 2740 2747 3427 3450 3529 3553 3580 3584 3643 3655 3702 3779 3815 3906 3927 4075 4201 4210 4214 4232 4250 4267 4271 4280 4453 
h: 93 123 143 167 170 195 215 254 320 350 364 372 377 386 401 406 429 438 444 466 480 501 545 554 556 595 599 651 659 661 671 674 685 698 711 715 721 736 833 835 859 867 870 875 883 885 890 930 942 964 967 979 1002 1008 1027 1039 1049 1093 1094 1158 1165 1172 1175 1179 1231 1258 1262 1275 1281 1283 1288 1293 1312 1317 1377 1395 1410 1459 1464 1527 1539 1595 1644 1838 1894 1895 1923 1931 1943 1975 1984 2044 2055 2132 2187 2189 2226 2250 2251 2284 2317 2329 2333 2363 2365 2384 2408 2432 2575 2582 2593 2595 2602 2603 2604 2608 2611 2613 2717 2718 2754 2765 2770 2776 2779 2787 2793 2794 2795 2802 2810 2823 2829 2917 2951 2965 3011 3027 3039 3040 3055 3087 3094 3113 3118 3153 3250 3260 3280 3323 3337 3340 3342 3343 3347 3360 3396 3449 3468 3491 3498 3530 3532 3551 3565 3575 3621 3640 3667 3672 3675 3680 3683 3692 3738 3785 3823 3847 3849 3864 3879 3893 3936 3956 3990 4007 4011 4021 4028 4029 4037 4043 4047 4058 4063 4079 4132 4136 4141 4145 4147 4148 4150 4158 4159 4160 4167 4176 4191 4197 4215 4233 4288 4352 4368 4400 4412 4415 4428 
i: 3 30 47 88 147 159 172 182 232 247 309 315 346 461 474 507 508 512 529 535 539 548 561 586 652 697 724 758 769 777 778 779 793 803 812 824 834 882 903 907 921 936 940 941 947 983 1005 1014 1021 1034 1062 1081 1097 1106 1111 1115 1128 1131 1139 1143 1168 1218 1236 1265 1282 1298 1319 1330 1337 1340 1343 1360 1365 1382 1392 1409 1428 1448 1454 1488 1495 1521 1552 1557 1569 1580 1585 1591 1597 1619 1632 1663 1685 1722 1725 1747 1748 1758 1770 1782 1789 1792 1795 1800 1849 1949 1981 2003 2005 2023 2024 2030 2031 2032 2033 2050 2061 2101 2111 2114 2116 2140 2146 2149 2152 2156 2178 2198 2202 2216 2220 2241 2289 2301 2340 2351 2361 2397 2401 2410 2426 2429 2463 2485 2509 2516 2518 2535 2560 2566 2579 2598 2607 2621 2623 2627 2683 2694 2704 2730 2786 2806 2828 2837 2867 2876 2878 2882 2884 2903 2914 2944 2968 2985 2991 3060 3072 3089 3193 3203 3231 3244 3257 3290 3297 3306 3317 3326 3376 3408 3410 3455 3464 3511 3544 3570 3577 3582 3595 3596 3616 3619 3625 3631 3644 3645 3648 3651 3661 3663 3676 3678 3700 3708 3732 3743 3753 3760 3761 3770 3810 3813 3834 3843 3846 3852 3895 3896 3908 3926 3942 3948 3961 3962 4000 4004 4020 4023 4025 4033 4045 4048 4083 4106 4114 4117 4137 4149 4169 4185 4211 4224 4239 4264 4281 4282 4299 4305 4327 4369 4383 4386 4391 4399 4406 4407 4425 4432 4441 4450 4454 4465 4472 4473 4493 
j: 5 439 452 454 827 881 1070 1224 1358 1617 1712 1775 1954 1983 2182 2314 4313 
k: 96 691 722 739 1335 1374 1386 1404 1529 1645 1826 1878 2124 2208 2336 2612 2685 2949 3006 3267 3310 3341 3634 4044 4178 4459 
l: 12 74 127 163 225 283 392 422 443 463 478 490 495 587 594 656 710 770 831 863 911 918 931 959 975 978 981 988 998 1047 1050 1331 1417 1443 1550 1555 1588 1604 1612 1676 1711 1740 1962 2004 2017 2127 2138 2150 2153 2234 2331 2345 2382 2460 2529 2565 2610 2649 2727 2735 2890 2943 3021 3028 3038 3049 3052 3070 3110 3123 3135 3169 3195 3201 3276 3277 3324 3398 3453 3518 3525 3526 3591 3684 3766 3768 3812 3826 3868 3905 3932 3969 4012 4065 4081 4157 4200 4225 4246 4325 4498 
m: 27 50 54 57 84 108 157 227 321 323 334 336 388 394 423 467 526 527 558 565 585 613 617 630 631 737 764 766 786 797 825 826 868 925 934 949 997 1017 1071 1076 1136 1232 1244 1290 1376 1384 1407 1447 1455 1560 1608 1704 1777 1781 1925 2010 2052 2079 2106 2131 2141 2155 2176 2192 2211 2283 2296 2298 2327 2421 2423 2428 2474 2483 2502 2553 2556 2573 2581 2622 2676 2699 2732 2734 2817 2835 2850 2896 2902 2918 2919 2950 2952 2953 2971 2983 3003 3078 3117 3136 3145 3162 3180 3188 3220 3269 3335 3361 3378 3384 3418 3423 3460 3492 3499 3542 3599 3604 3605 3660 3704 3741 3767 3773 3777 3806 3817 3837 3869 3931 4010 4018 4088 4089 4183 4236 4260 4275 4323 4333 4353 4404 4456 4471 
n: 11 45 49 158 228 258 310 441 732 842 1058 1102 1157 1217 1272 1394 1434 1468 1517 1594 1707 1721 1734 1757 1804 1869 2071 2133 2209 2221 2287 2344 2353 2439 2450 2472 2478 2489 2496 2498 2549 2671 2746 2772 2798 2812 2840 2868 2905 2920 2954 2963 2998 3128 3144 3152 3158 3216 3222 3252 3278 3333 3444 3564 3568 3668 3693 3717 3722 3727 3731 3733 3739 3754 3771 3818 3880 3883 3889 3918 3945 3957 3977 4013 4030 4084 4104 4194 4227 4244 4273 4286 4344 4345 4396 4421 4466 4483 4494 
o: 2 13 22 39 113 118 132 153 203 213 224 233 234 242 260 281 349 383 390 430 523 532 544 553 591 593 604 616 618 626 628 638 642 669 676 683 699 702 717 718 728 729 730 749 753 762 798 810 837 849 889 894 899 915 926 929 950 962 972 980 992 1011 1024 1030 1032 1086 1091 1117 1141 1160 1181 1194 1230 1268 1280 1285 1286 1287 1295 1304 1326 1332 1348 1349 1354 1359 1368 1396 1398 1433 1442 1461 1469 1485 1500 1503 1515 1526 1544 1548 1664 1690 1692 1696 1716 1718 1726 1741 1811 1814 1824 1827 1834 1837 1867 1876 1885 1892 1930 1940 1942 1956 1965 1968 1972 1973 1986 1990 1996 2000 2012 2078 2093 2119 2165 2180 2188 2236 2248 2252 2261 2263 2264 2274 2282 2285 2305 2343 2371 2387 2411 2440 2443 2449 2466 2468 2470 2475 2488 2512 2523 2528 2539 2541 2548 2559 2574 2580 2606 2609 2614 2636 2682 2684 2696 2702 2703 2706 2713 2714 2722 2729 2733 2741 2748 2750 2782 2784 2792 2796 2809 2826 2843 2847 2852 2857 2871 2881 2891 2929 2936 2940 2945 2964 2984 2988 2990 2992 2996 3001 3008 3014 3025 3029 3043 3047 3053 3054 3066 3083 3100 3102 3115 3116 3122 3133 3141 3159 3166 3186 3200 3224 3225 3229 3238 3255 3268 3271 3285 3307 3352 3374 3381 3389 3393 3394 3401 3414 3432 3439 3473 3487 3503 3513 3520 3521 3523 3547 3560 3566 3576 3579 3628 3638 3653 3665 3698 3706 3714 3774 3798 3799 3800 3807 3809 3825 3828 3838 3855 3863 3903 3907 3919 3941 3943 3964 3974 3980 3983 3989 3993 4005 4027 4036 4056 4062 4070 4074 4082 4092 4109 4133 4140 4168 4172 4192 4195 4198 4213 4230 4241 4274 4292 4297 4307 4308 4309 4314 4321 4328 4338 4348 4351 4358 4365 4373 4378 4381 4382 4392 4405 4429 4440 4484 4489 4497 
p: 4 9 14 16 21 23 26 60 75 78 90 91 109 116 135 154 194 217 240 271 289 325 329 425 445 470 472 489 492 547 555 557 596 601 805 817 841 876 895 953 954 974 990 1037 1046 1055 1129 1152 1159 1189 1264 1369 1421 1436 1525 1731 1786 1801 1841 1846 1875 2011 2025 2029 2045 2092 2112 2129 2142 2200 2207 2231 2246 2272 2342 2370 2373 2391 2394 2465 2493 2503 2506 2628 2638 2642 2662 2690 2695 2709 2775 2791 2803 2845 2865 2875 2907 2924 2928 3005 3026 3042 3140 3173 3178 3183 3198 3281 3338 3380 3409 3467 3477 3481 3505 3592 3602 3629 3637 3642 3669 3691 3822 3827 3836 3867 3909 3958 3963 3971 4026 4094 4107 4129 4152 4154 4242 4263 4329 4337 4357 4372 4423 4434 4470 4474 4475 4496 
q: 29 52 71 843 1347 1958 2527 2801 3502 3618 
r: 8 44 138 277 369 389 396 639 776 789 872 1200 1415 1474 1543 1546 1558 1630 1765 1799 1828 1848 1851 1853 1889 1890 1911 1917 2022 2163 2229 2357 2374 2386 2552 2615 2670 2724 2742 2836 3032 3061 3068 3119 3129 3245 3246 3274 3295 3362 3390 3415 3448 3469 3583 3709 3794 3844 3875 3988 4022 4040 4042 4112 4220 4221 4390 4398 4420 4499 
s: 55 76 105 120 131 152 169 201 219 223 236 244 255 272 282 285 297 314 317 333 337 385 403 405 409 410 427 450 459 481 485 486 488 493 499 502 503 510 517 533 543 562 598 606 609 620 632 644 648 688 704 707 713 719 723 772 775 782 785 791 814 823 829 840 845 846 850 854 864 884 902 917 928 933 935 946 957 970 973 986 991 993 995 1010 1013 1020 1023 1029 1033 1040 1042 1045 1061 1085 1088 1104 1127 1135 1138 1162 1163 1177 1178 1199 1203 1206 1207 1211 1212 1220 1225 1226 1246 1251 1273 1299 1315 1361 1371 1389 1400 1408 1413 1416 1430 1439 1451 1452 1456 1492 1496 1508 1514 1516 1531 1537 1573 1599 1611 1623 1626 1642 1653 1668 1679 1684 1686 1691 1698 1715 1720 1744 1752 1787 1807 1810 1813 1829 1843 1860 1881 1884 1896 1899 1906 1909 1915 1919 1933 1941 1979 1994 1995 2064 2066 2067 2081 2096 2107 2134 2147 2167 2174 2184 2185 2186 2203 2232 2245 2256 2258 2269 2294 2310 2322 2354 2362 2364 2400 2413 2435 2442 2446 2461 2476 2484 2487 2520 2524 2550 2563 2576 2589 2597 2625 2645 2651 2665 2675 2677 2679 2686 2711 2715 2721 2760 2762 2780 2783 2785 2820 2825 2830 2832 2841 2842 2854 2862 2870 2874 2883 2897 2899 2908 2927 2931 2955 2958 2961 2962 2969 2979 2993 3013 3023 3033 3036 3041 3077 3125 3132 3142 3143 3167 3181 3194 3199 3212 3215 3219 3237 3239 3254 3264 3270 3284 3286 3301 3302 3350 3354 3355 3356 3358 3365 3368 3370 3371 3383 3387 3397 3429 3431 3433 3436 3445 3459 3465 3475 3493 3494 3506 3507 3515 3533 3541 3546 3550 3556 3561 3574 3585 3587 3607 3608 3611 3630 3632 3646 3673 3694 3697 3735 3747 3758 3772 3801 3830 3839 3840 3851 3854 3858 3860 3881 3884 3886 3921 3934 3940 3947 3950 3960 3968 3992 3996 3998 4006 4035 4060 4064 4068 4098 4108 4118 4121 4125 4126 4128 4144 4187 4188 4189 4190 4206 4226 4248 4258 4266 4270 4278 4296 4311 4319 4322 4336 4356 4359 4377 4380 4384 4401 4403 4422 4431 4444 4446 4451 4461 4463 4481 4486 4491 
t: 97 106 107 122 125 126 133 141 155 165 166 174 185 186 193 198 220 238 250 252 253 256 261 275 284 290 295 298 299 322 327 328 330 335 343 345 353 355 362 366 367 384 407 426 432 433 436 442 449 456 458 460 462 465 468 471 475 477 491 496 504 506 509 516 521 524 540 549 560 564 567 570 575 581 602 605 619 623 633 635 640 647 655 657 658 663 681 682 689 690 692 714 725 733 748 750 755 759 763 774 784 796 808 809 811 819 830 838 847 853 865 871 877 879 900 909 948 956 969 971 977 984 1016 1035 1048 1051 1054 1063 1066 1068 1072 1079 1084 1087 1089 1096 1103 1116 1118 1121 1124 1126 1132 1134 1140 1148 1150 1151 1161 1164 1176 1180 1183 1184 1187 1198 1201 1205 1214 1219 1222 1227 1235 1239 1243 1245 1249 1255 1267 1271 1274 1289 1292 1300 1308 1321 1333 1357 1366 1379 1380 1387 1399 1401 1419 1422 1429 1445 1449 1460 1462 1465 1466 1475 1483 1486 1498 1504 1511 1519 1520 1524 1530 1533 1536 1549 1559 1562 1563 1565 1567 1570 1575 1581 1583 1587 1609 1616 1620 1627 1636 1649 1650 1652 1654 1656 1658 1661 1665 1675 1678 1681 1683 1693 1694 1699 1702 1706 1719 1723 1728 1729 1732 1733 1738 1746 1751 1756 1771 1774 1778 1779 1790 1794 1802 1803 1812 1822 1825 1830 1835 1842 1850 1852 1862 1865 1870 1874 1877 1882 1883 1887 1897 1902 1910 1912 1914 1922 1924 1928 1937 1939 1951 1957 1961 1964 1971 1974 1987 1998 2006 2008 2009 2013 2020 2027 2028 2036 2037 2042 2046 2048 2072 2075 2076 2080 2083 2086 2091 2095 2102 2139 2157 2159 2162 2164 2195 2204 2205 2214 2215 2217 2225 2230 2235 2237 2242 2253 2266 2267 2268 2302 2318 2319 2320 2324 2341 2346 2355 2360 2367 2380 2388 2393 2402 2405 2412 2414 2427 2441 2444 2464 2486 2490 2501 2505 2510 2513 2519 2526 2532 2536 2540 2545 2561 2567 2570 2571 2577 2578 2586 2587 2588 2591 2596 2600 2616 2618 2620 2624 2626 2633 2637 2639 2640 2647 2648 2654 2655 2658 2687 2688 2691 2697 2707 2710 2712 2723 2726 2739 2751 2756 2757 2766 2768 2788 2790 2800 2808 2827 2834 2844 2861 2864 2872 2886 2887 2889 2904 2916 2921 2923 2930 2932 2938 2941 2946 2956 2960 2978 2980 2986 3002 3007 3017 3018 3020 3024 3037 3048 3050 3051 3063 3065 3069 3074 3075 3082 3084 3086 3092 3095 3101 3103 3106 3107 3121 3126 3134 3139 3147 3150 3161 3165 3172 3204 3209 3210 3214 3230 3232 3234 3241 3253 3256 3262 3272 3275 3289 3291 3300 3303 3304 3312 3314 3318 3321 3327 3331 3334 3336 3348 3351 3357 3359 3363 3366 3377 3395 3406 3407 3420 3422 3425 3428 3441 3442 3446 3462 3482 3484 3489 3496 3501 3509 3519 3528 3537 3555 3558 3562 3563 3567 3573 3578 3597 3613 3615 3622 3626 3633 3636 3639 3664 3677 3681 3688 3690 3696 3712 3719 3724 3725 3734 3749 3750 3762 3764 3775 3786 3791 3792 3796 3797 3803 3804 3808 3824 3831 3842 3853 3861 3870 3877 3885 3890 3894 3901 3915 3916 3924 3933 3938 3944 3946 3949 3952 3954 3959 3965 3972 3978 3981 3984 3991 3994 3995 3997 4003 4014 4024 4032 4034 4039 4049 4071 4077 4078 4093 4099 4101 4110 4120 4123 4127 4139 4151 4162 4163 4166 4174 4184 4193 4199 4204 4205 4207 4209 4218 4223 4237 4238 4249 4251 4254 4255 4265 4268 4277 4279 4283 4293 4294 4298 4301 4310 4317 4320 4324 4335 4339 4340 4342 4346 4355 4362 4363 4366 4367 4371 4374 4379 4387 4388 4394 4397 4408 4410 4419 4427 4430 4433 4437 4438 4448 4455 4457 4458 4460 4464 4467 4469 4476 4478 4480 4485 4487 4490 4495 
u: 19 34 43 81 82 87 136 294 313 316 412 451 582 636 773 1147 1204 1242 1320 1470 1507 1566 1670 1736 1891 1944 1953 2311 2368 2657 2728 2736 2846 2922 2957 3085 3531 3557 3649 3710 3745 3951 4100 4181 4272 4361 
v: 73 129 177 202 212 662 668 677 679 731 754 800 858 860 1125 1154 1166 1307 1346 1432 1473 1673 1680 1737 1745 1766 1929 1960 1982 2035 2089 2171 2218 2477 2641 2692 2989 3097 3130 3190 3223 3512 3524 3765 3966 3986 4016 4069 4156 4245 4306 
w: 98 103 137 142 150 168 191 214 239 245 257 259 263 264 266 269 273 279 280 302 331 344 370 376 419 431 464 479 515 520 574 576 578 600 607 614 627 641 666 673 684 694 695 703 705 716 720 746 751 795 799 815 822 836 856 866 873 886 897 920 937 952 960 965 1018 1019 1025 1065 1073 1078 1080 1098 1107 1112 1120 1133 1137 1145 1149 1155 1182 1185 1190 1210 1216 1228 1247 1253 1266 1270 1297 1301 1302 1316 1334 1338 1341 1353 1381 1390 1403 1427 1438 1444 1463 1487 1491 1518 1528 1538 1542 1545 1553 1561 1572 1576 1584 1600 1607 1614 1622 1624 1625 1633 1640 1641 1647 1662 1677 1695 1753 1776 1788 1791 1805 1809 1855 1857 1863 1935 1936 1948 1980 1992 2002 2015 2021 2043 2049 2054 2065 2068 2085 2097 2125 2144 2160 2173 2183 2193 2213 2239 2247 2255 2259 2262 2273 2278 2313 2332 2339 2358 2378 2379 2395 2399 2407 2418 2425 2431 2438 2445 2451 2452 2462 2491 2492 2500 2511 2514 2530 2542 2562 2568 2590 2599 2617 2619 2630 2643 2644 2646 2652 2659 2667 2689 2700 2719 2737 2743 2752 2753 2755 2758 2771 2818 2839 2848 2849 2885 2893 2912 2933 2977 2995 3034 3067 3071 3076 3093 3148 3151 3160 3163 3170 3184 3218 3227 3273 3279 3288 3293 3298 3311 3329 3330 3349 3369 3375 3379 3382 3388 3419 3461 3495 3497 3534 3535 3538 3540 3549 3594 3614 3635 3658 3687 3699 3705 3720 3728 3737 3763 3778 3782 3816 3832 3841 3865 3872 3878 3887 3898 3899 3902 3917 3976 3985 3987 4050 4073 4085 4103 4111 4115 4135 4170 4173 4219 4234 4243 4253 4256 4259 4261 4284 4285 4287 4295 4300 4302 4315 4326 4332 4360 4370 4376 4389 4409 4411 4413 4414 4417 4418 4435 4452 4479 4488 
x: 100 
y: 101 156 326 338 357 361 371 374 398 402 408 709 839 1598 1606 2243 2348 2479 2547 2555 2869 3046 3242 3248 3249 3305 3319 3703 3707 3742 3752 3975 4096 4235 
z: 102 
